Emeralds
p 0,0,1
p 0,1,1
p 1,0,1
p 14,0,1
p 15,0,1
p 15,1,1
p 5,0,1
p 5,1,1
p 5,2,1
p 5,3,1
p 9,0,1
p 9,1,1
p 9,2,1
p 9,3,1
p 0,4,1
p 1,2,1
p 1,3,1
p 1,4,1
p 2,2,1
p 2,3,1
p 2,4,1
p 3,4,1
p 0,6,1
p 0,7,1
p 1,7,1
p 6,5,1
p 6,6,1
p 6,7,1
p 8,5,1
p 8,6,1
p 8,7,1
p 11,5,1
p 12,3,1
p 12,4,1
p 12,5,1
p 13,3,1
p 13,4,1
p 13,5,1
p 14,5,1
p 12,6,1
p 13,6,1

Moneybags
p 1,5,2,
p 2,5,2,
p 5,8,2
p 7,8,2
p 9,8,2
p 12,7,2
p 13,7,2

Enemies
e 3,8,1,
e 7,2,2,
e 14,8,1,

Dug Tiles
t 7,23,39,55,68,69,70,71,72,73,74,84,90,100,106,116,122,128,129,130,131,132,138,139,140,141,142,143,%,
