Emeralds
p 0,0,1,
p 0,1,1,
p 1,0,1,
p 0,4,1,
p 0,5,1,
p 1,3,1,
p 1,4,1,
p 1,5,1,
p 1,6,1,
p 1,7,1,
p 2,3,1,
p 2,4,1,
p 2,5,1,
p 2,6,1,
p 2,7,1,
p 3,4,1,
p 3,5,1,
p 7,1,1,
p 8,1,1,
p 6,2,1,
p 7,2,1,
p 8,2,1,
p 9,2,1,
p 7,3,1,
p 8,3,1,
p 12,1,1,
p 13,1,1,
p 12,2,1,
p 13,2,1,
p 7,5,1,
p 8,5,1,
p 9,5,1,
p 10,5,1,
p 11,5,1,
p 7,6,1,
p 8,6,1,
p 9,6,1,
p 10,6,1,
p 11,6,1,


Moneybags
p 1,2,2,
p 2,2,2,
p 0,6,2,
p 3,6,2,
p 7,4,2,
p 8,8,2
p 10,8,2

Enemies
e 3,8,1,
e 10,2,2,
e 14,8,1,

Dug Tiles
t 5,6,7,8,9,10,21,26,37,42,53,58,69,74,75,76,77,85,93,101,109,117,125,128,129,130,131,132,133,141,142,143,%,
